Запорожченко, Педаев. ЛР2.



var_18_b.txt
Given matirx: 
  4.200000  -2.800000   1.700000   4.800000 
 -5.600000  -4.700000  -6.300000  -7.100000 
 -2.100000  -3.000000   9.500000   1.900000 
  2.600000  -6.200000   3.500000   4.800000 

i = 0; max_el_row_index = 1;
U: 
  1.000000   0.839286   1.125000   1.267857 
  0.000000  -6.325000  -3.025000  -0.525000 
  0.000000  -1.237500  11.862500   4.562500 
  0.000000  -8.382143   0.575000   1.503571 
L: 
 -5.600000   0.000000   0.000000   0.000000 
  0.000000   0.000000   0.000000   0.000000 
  0.000000   0.000000   0.000000   0.000000 
  0.000000   0.000000   0.000000   0.000000 

i = 1; max_el_row_index = 3;
U: 
  1.000000   0.839286   1.125000   1.267857 
 -0.000000   1.000000  -0.068598  -0.179378 
  0.000000   0.000000  11.777610   4.340520 
  0.000000   0.000000  -3.458884  -1.659565 
L: 
 -5.600000   0.000000   0.000000   0.000000 
  2.600000  -8.382143   0.000000   0.000000 
  0.000000   0.000000   0.000000   0.000000 
  0.000000   0.000000   0.000000   0.000000 

i = 2; max_el_row_index = 2;
U: 
  1.000000   0.839286   1.125000   1.267857 
 -0.000000   1.000000  -0.068598  -0.179378 
  0.000000   0.000000   1.000000   0.368540 
  0.000000   0.000000   0.000000  -0.384829 
L: 
 -5.600000   0.000000   0.000000   0.000000 
  2.600000  -8.382143   0.000000   0.000000 
 -2.100000  -1.237500  11.777610   0.000000 
  0.000000   0.000000   0.000000   0.000000 

i = 3; max_el_row_index = 3;
U: 
  1.000000   0.839286   1.125000   1.267857 
 -0.000000   1.000000  -0.068598  -0.179378 
  0.000000   0.000000   1.000000   0.368540 
 -0.000000  -0.000000  -0.000000   1.000000 
L: 
 -5.600000   0.000000   0.000000   0.000000 
  2.600000  -8.382143   0.000000   0.000000 
 -2.100000  -1.237500  11.777610   0.000000 
  4.200000  -6.325000  -3.458884  -0.384829 

Result of LU decomposition:
A: 
  4.200000  -2.800000   1.700000   4.800000 
 -5.600000  -4.700000  -6.300000  -7.100000 
 -2.100000  -3.000000   9.500000   1.900000 
  2.600000  -6.200000   3.500000   4.800000 
U: 
  1.000000   0.839286   1.125000   1.267857 
 -0.000000   1.000000  -0.068598  -0.179378 
  0.000000   0.000000   1.000000   0.368540 
 -0.000000  -0.000000  -0.000000   1.000000 
L: 
 -5.600000   0.000000   0.000000   0.000000 
  2.600000  -8.382143   0.000000   0.000000 
 -2.100000  -1.237500  11.777610   0.000000 
  4.200000  -6.325000  -3.458884  -0.384829 
P: 
  0.000000   1.000000   0.000000   0.000000 
  0.000000   0.000000   0.000000   1.000000 
  0.000000   0.000000   1.000000   0.000000 
  1.000000   0.000000   0.000000   0.000000 

Vector p:
[1, 3, 2, 0]

Check if LU decomposition is correct (L*U-P*A): 
0.00000000000000  0.00000000000000  0.00000000000000  8.8817841970013e-16  
0.00000000000000  -8.8817841970013e-16  0.00000000000000  0.00000000000000  
0.00000000000000  0.00000000000000  1.7763568394003e-15  -4.4408920985006e-16  
0.00000000000000  -4.4408920985006e-16  2.2204460492503e-16  8.8817841970013e-16  

Rank = 4

Determinant = -212.74900000000036

x (found): 
[1.0000000000000036, 1.9999999999999993, 3.0000000000000013, 3.9999999999999956]

A^(-1):
  2.553295   0.600304   0.649451  -1.922420 
 -0.400430  -0.165848  -0.111775   0.199357 
  0.957673   0.220335   0.366159  -0.776699 
 -2.598560  -0.700046  -0.763153   2.073490 

A*A^(-1)-E
-1.7763568394003e-15  -4.4408920985006e-16  -4.4408920985006e-16  0.00000000000000  
0.00000000000000  8.8817841970013e-16  8.8817841970013e-16  1.7763568394003e-15  
-8.8817841970013e-16  0.00000000000000  0.00000000000000  8.8817841970013e-16  
0.00000000000000  4.4408920985006e-16  4.4408920985006e-16  0.00000000000000  

Число обусловленности в трех нормах:
Норма 1: 145.405391
Норма 2: 136.709113
Евклидова норма:  77.991295

A*x-b:
0.0 0.0 0.0 0.0 

Погрешность нахождения x:
-3.5527136788005e-15 6.6613381477509e-16 -1.3322676295502e-15 4.4408920985006e-15 



var_27_b.txt
Given matirx: 
 -3.300000  -5.400000  -9.100000  -0.800000 
 -9.900000   2.800000  -2.100000  -9.900000 
  9.200000   6.600000  -4.500000  -4.000000 
  2.600000   8.100000  -4.600000   8.000000 

i = 0; max_el_row_index = 1;
U: 
  1.000000  -0.282828   0.212121   1.000000 
  0.000000  -6.333333  -8.400000   2.500000 
  0.000000   9.202020  -6.451515 -13.200000 
  0.000000   8.835354  -5.151515   5.400000 
L: 
 -9.900000   0.000000   0.000000   0.000000 
  0.000000   0.000000   0.000000   0.000000 
  0.000000   0.000000   0.000000   0.000000 
  0.000000   0.000000   0.000000   0.000000 

i = 1; max_el_row_index = 2;
U: 
  1.000000  -0.282828   0.212121   1.000000 
  0.000000   1.000000  -0.701098  -1.434468 
  0.000000   0.000000 -12.840285  -6.584962 
  0.000000   0.000000   1.042931  18.074029 
L: 
 -9.900000   0.000000   0.000000   0.000000 
  9.200000   9.202020   0.000000   0.000000 
  0.000000   0.000000   0.000000   0.000000 
  0.000000   0.000000   0.000000   0.000000 

i = 2; max_el_row_index = 2;
U: 
  1.000000  -0.282828   0.212121   1.000000 
  0.000000   1.000000  -0.701098  -1.434468 
 -0.000000  -0.000000   1.000000   0.512836 
  0.000000   0.000000   0.000000  17.539176 
L: 
 -9.900000   0.000000   0.000000   0.000000 
  9.200000   9.202020   0.000000   0.000000 
 -3.300000  -6.333333 -12.840285   0.000000 
  0.000000   0.000000   0.000000   0.000000 

i = 3; max_el_row_index = 3;
U: 
  1.000000  -0.282828   0.212121   1.000000 
  0.000000   1.000000  -0.701098  -1.434468 
 -0.000000  -0.000000   1.000000   0.512836 
  0.000000   0.000000   0.000000   1.000000 
L: 
 -9.900000   0.000000   0.000000   0.000000 
  9.200000   9.202020   0.000000   0.000000 
 -3.300000  -6.333333 -12.840285   0.000000 
  2.600000   8.835354   1.042931  17.539176 

Result of LU decomposition:
A: 
 -3.300000  -5.400000  -9.100000  -0.800000 
 -9.900000   2.800000  -2.100000  -9.900000 
  9.200000   6.600000  -4.500000  -4.000000 
  2.600000   8.100000  -4.600000   8.000000 
U: 
  1.000000  -0.282828   0.212121   1.000000 
  0.000000   1.000000  -0.701098  -1.434468 
 -0.000000  -0.000000   1.000000   0.512836 
  0.000000   0.000000   0.000000   1.000000 
L: 
 -9.900000   0.000000   0.000000   0.000000 
  9.200000   9.202020   0.000000   0.000000 
 -3.300000  -6.333333 -12.840285   0.000000 
  2.600000   8.835354   1.042931  17.539176 
P: 
  0.000000   1.000000   0.000000   0.000000 
  0.000000   0.000000   1.000000   0.000000 
  1.000000   0.000000   0.000000   0.000000 
  0.000000   0.000000   0.000000   1.000000 

Vector p:
[1, 2, 0, 3]

Check if LU decomposition is correct (L*U-P*A): 
0.00000000000000  0.00000000000000  0.00000000000000  0.00000000000000  
0.00000000000000  -8.8817841970013e-16  0.00000000000000  0.00000000000000  
0.00000000000000  0.00000000000000  -1.7763568394003e-15  -6.6613381477509e-16  
0.00000000000000  0.00000000000000  0.00000000000000  0.00000000000000  

Rank = 4

Determinant = 20516.451100000002

x (found): 
[1.0000000000000009, 1.9999999999999982, 2.999999999999999, 3.999999999999999]

A^(-1):
 -0.001642  -0.051871   0.061750  -0.033479 
 -0.049623   0.047202   0.015673   0.061287 
 -0.080255  -0.006168  -0.027161  -0.029239 
  0.004631  -0.034481  -0.051556   0.057015 

A*A^(-1)-E
-1.1102230246252e-16  -7.2858385991026e-17  -6.9388939039072e-18  3.4694469519536e-17  
1.3877787807814e-17  0.00000000000000  -1.1102230246252e-16  -1.1102230246252e-16  
1.7347234759768e-17  -5.5511151231258e-17  0.00000000000000  1.3877787807814e-16  
2.0816681711722e-17  0.00000000000000  0.00000000000000  0.00000000000000  

Число обусловленности в трех нормах:
Норма 1:   4.292506
Норма 2:   4.525518
Евклидова норма:   1.999089

A*x-b:
2.1316282072803e-14 0.0 3.5527136788005e-15 -1.4210854715202e-14 

Погрешность нахождения x:
-8.8817841970013e-16 1.7763568394003e-15 8.8817841970013e-16 8.8817841970013e-16 